12    22    1     4     2

1     0.0   4.0   0.0
2     3.0   4.0   0.0
3     6.0   4.0   0.0
4     9.0   4.0   0.0
5     12.0  4.0   0.0
6     15.0  4.0   0.0
7     0.0   0.0   0.0
8     3.0   0.0   0.0
9     6.0   0.0   0.0
10    9.0   0.0   0.0
11    12.0  0.0   0.0
12    15.0  0.0   0.0

1     1     1     2
2     1     2     3
3     1     3     4
4     1     4     5
5     1     5     6
6     1     1     7
7     1     1     8
8     1     2     8
9     1     2     9
10    1     3     9
11    1     9     4
12    1     3     10
13    1     4     10
14    1     5     10
15    1     5     11
16    1     6     11
17    1     6     12
18    1     7     8
19    1     8     9
20    1     9     10
21    1     10    11
22    1     11    12

9     2     -7000

7     1     0.0
7     2     0.0
12    1     0.0
12    2     0.0

1     0.01  1.5e+011