utot =
  1.0e-004 *

    0.1961
   -0.1120
    0.1331
   -0.6217
    0.0071
   -0.9147
   -0.0953
   -0.8382
   -0.1793
   -0.4930
   -0.2213
   -0.0747
         0
         0
   -0.0425
   -0.5097
   -0.0221
   -0.9568
    0.0431
   -0.8056
    0.0425
   -0.4184
         0
         0


ptot =
  1.0e+003 *

         0
         0
         0
         0
         0
         0
         0
         0
         0
         0
         0
         0
    2.1266
    4.2000
         0
         0
         0
   -7.0000
         0
         0
         0
         0
   -2.1266
    2.8000


stresses =
  1.0e+005 *

   -3.1500
   -6.3000
   -5.1171
   -4.2000
   -2.1000
   -4.2000
    5.2500
   -4.2000
    5.2500
    1.5772
    1.5285
   -1.9715
   -1.2228
    3.5000
   -2.8000
    3.5000
   -2.8000
   -2.1266
    1.0234
    3.2563
   -0.0266
   -2.1266