utot =
  1.0e-003 *

         0
         0
         0
         0
         0
         0
         0
         0
         0
   -0.1888
   -0.1111
   -0.0556
   -0.1957
   -0.4285
    0.0000
    0.1021
   -0.1111
    0.0556
   -0.4400
   -0.3889
   -0.0833
   -0.4469
   -0.9681
    0.0000
    0.1127
   -0.3889
    0.0833


ptot =
  1.0e+004 *

         0
         0
    2.0000
    0.0000
    0.5000
   -0.0000
         0
    0.0000
   -2.0000
         0
         0
         0
         0
         0
         0
         0
         0
         0
         0
         0
         0
         0
   -0.5000
         0
         0
         0
         0


stresses =
  1.0e+008 *

         0
         0
         0
         0
   -0.4444
   -0.7828
         0
         0
   -0.4478
         0
   -0.4444
    0.9772
    0.0000
   -0.0000
   -0.9772
    0.6687
    1.2230
   -0.4032
    1.5656
    3.8725
    0.2584