9     21    1     12     3

1     0     0     0
2     0.25  0     0
3     0     0.25  0
4     0     0     0.5
5     0.25  0     0.5
6     0     0.25  0.5
7     0     0     1.0
8     0.25  0     1.0
9     0     0.25  1.0

1     1     1     2
2     1     1     3
3     1     2     3
4     1     1     4
5     1     2     5
6     1     3     6
7     1     2     4
8     1     3     4
9     1     2     6
10    1     4     5
11    1     4     6
12    1     5     6
13    1     4     7
14    1     5     8
15    1     6     9
16    1     5     7
17    1     6     7
18    1     5     9
19    1     7     8
20    1     7     9
21    1     8     9

8     2     -5000

1     1     0.0
1     2     0.0
1     3     0.0
2     1     0.0
2     2     0.0
2     3     0.0
3     1     0.0
3     2     0.0
3     3     0.0
7     1     0.0
7     2     0.0
7     3     0.0

1     0.0009  2e+11  1.30e-5  100